0.2  67.664708504
0.3  49.1161139672
0.4  39.9278249408
0.5  34.1828548224
0.6  30.1499514536
0.7  27.115830684
0.8  24.727437512
0.9  22.780906588
1.0  21.1584623288
1.1  19.7805912696
1.2  18.5909328752
1.3  17.5536707592
1.4  16.6408692272
1.5  15.8284514064
1.6  15.1019603032
1.7  14.4472650216
1.8  13.8543652352
1.9  13.3157063496
2.0  12.8244403152
2.1  12.3719798952
2.2  11.9575098456
2.3  11.5745082144
2.4  11.2195509768
2.5  10.890844596
2.6  10.5845302504
2.7  10.2987600536
2.8  10.0313600216
2.9  9.78021052
3.0  9.5452028496
3.1  9.3234564816
3.2  9.114699668
3.3  8.9180628152
3.4  8.732078484
3.5  8.5561488288
3.6  8.3895673048
3.7  8.2311382208
3.8  8.0804811296
3.9  7.9369981856
4.0  7.800254592
4.1  7.6699242512
4.2  7.5451919192
4.3  7.4258401976
4.4  7.3115429888
4.5  7.2021915936
4.6  7.0970251176
4.7  6.9960979104
4.8  6.8990838744
4.9  6.805656912
5.0  6.715708324
5.1  6.629020712
5.2  6.5453766776
5.3  6.4646675216
5.4  6.3867301952
5.5  6.3112929504
5.6  6.2384101368
5.7  6.1678100064
5.8  6.0994382096
5.9  6.0331316976
6.0  5.9688904704
6.1  5.9068232272
6.2  5.8462777728
6.3  5.787417156
6.4  5.7304044256
6.5  5.6748047848
6.6  5.6205095344
6.7  5.5680078208
6.8  5.5166474488
6.9  5.466754516
7.0  5.4179974898
7.1  5.3705231142
7.2  5.3241846453
7.3  5.2793244854
7.4  5.2351165208
7.5  5.1919683734
7.6  5.1497985187
7.7  5.1086123918
7.8  5.0683230334
7.9  5.028963053
8.0  4.9904020118
8.1  4.9526670846
8.2  4.9157310964
8.3  4.8795668726
8.4  4.8441472382
8.5  4.8094069739
8.6  4.7753841243
8.7  4.7420243398
8.8  4.7093167506
8.9  4.6772124418
9.0  4.6457385885
9.1  4.614824536
9.2  4.5844811543
9.3  4.5547138784
9.4  4.5254411838
9.5  4.4967011154
9.6  4.4685208478
9.7  4.4407862469
9.8  4.4134973127
9.9  4.3867138298
10.0  4.360337969
10.1  4.3344403846
10.2  4.3089178124
10.3  4.2838680818
10.4  4.2592259731
10.5  4.234915397
10.6  4.2110233129
10.7  4.187500806
10.8  4.1642935268
10.9  4.1414938696
11.0  4.1190311799
11.1  4.096872848
11.2  4.0750732234
11.3  4.0535670867
11.4  4.0324142224
11.5  4.0115331061
11.6  3.9909617825
11.7  3.9706785118
11.8  3.950672424
11.9  3.9309272143
12.0  3.9114972323
12.1  3.8923172585
12.2  3.873365553
12.3  3.8547073353
12.4  3.8362828209
12.5  3.8181028797
12.6  3.8001403369
12.7  3.7824712819
12.8  3.7649815806
12.9  3.7477255826
13.0  3.7307032879
13.1  3.7138712168
13.2  3.6972565441
13.3  3.6808647047
13.4  3.6646413491
13.5  3.6486571318
13.6  3.6328359632
13.7  3.617232193
13.8  3.6017969066
13.9  3.586535539
14.0  3.5714861347
14.1  3.5565562996
14.2  3.5418764726
14.3  3.5273216498
14.4  3.5129353106
14.5  3.4987337602
14.6  3.4846843886
14.7  3.4707980658
14.8  3.4570639218
14.9  3.4434765218
15.0  3.4300249958
15.1  3.4167365186
15.2  3.4036110902
15.3  3.3906269708
15.4  3.3777678554
15.5  3.365055484
15.6  3.3524735516
15.7  3.3400166233
15.8  3.3277064389
15.9  3.3154995187
16.0  3.3034665173
16.1  3.2914933004
16.2  3.2796940022
16.3  3.2680142732
16.4  3.2564323734
16.5  3.2449972176
16.6  3.2336381512
16.7  3.2224095238
16.8  3.2113004656
16.9  3.2003055415
17.0  3.1893975768
17.1  3.178630921
17.2  3.1679294848
17.3  3.1573639226
17.4  3.1468961896
17.5  3.136509981
17.6  3.1262596465
17.7  3.1160799664
17.8  3.1059872457
17.9  3.0959977892
18.0  3.086106162
18.1  3.0762960592
18.2  3.0665837857
18.3  3.0569856463
18.4  3.0474418566
18.5  3.038012201
18.6  3.0286640698
18.7  3.0193594182
18.8  3.0102123806
18.9  3.0010762128
19.0  2.9920541792
19.1  2.983108235
19.2  2.9742492502
19.3  2.9654609199
19.4  2.956748679
19.5  2.9481179626
19.6  2.9395579006
19.7  2.9310956678
19.8  2.922655175
19.9  2.9143451211
20.0  2.906073112
20.1  2.8978771923
20.2  2.8897301873
20.3  2.8816973164
20.4  2.8736209658
20.5  2.8657565787
20.6  2.8579030615
20.7  2.8501201988
20.8  2.8423699458
20.9  2.834739262
21.0  2.8270922733
21.1  2.8195920285
21.2  2.8121243934
21.3  2.8045969738
21.4  2.7973032575
21.5  2.7900258461
21.6  2.7827973493
21.7  2.7755905923
21.8  2.7684816646
21.9  2.7613509971
22.0  2.7543942483
22.1  2.7474483694
22.2  2.7405079255
22.3  2.7336816158
22.4  2.7269096556
22.5  2.7200289962
22.6  2.713409215
22.7  2.7068057386
22.8  2.7001587825
22.9  2.6935770459
23.0  2.6872072728
23.1  2.6806690159
23.2  2.674266633
23.3  2.6680001242
23.4  2.6617118754
23.5  2.6553312324
23.6  2.6492440772
23.7  2.6429938732
23.8  2.6368849782
23.9  2.6308684774
24.0  2.6248248019
24.1  2.6188246061
24.2  2.612862455
24.3  2.607019873
24.4  2.6011175064
24.5  2.5953401439
24.6  2.5895899562
24.7  2.5837419393
24.8  2.5782308898
24.9  2.5724698322
25.0  2.5668500836
25.1  2.5613281642
25.2  2.5557355904
25.3  2.550213671
25.4  2.5448221907
25.5  2.5394470153
25.6  2.5340229252
25.7  2.5287075343
25.8  2.5232997491
25.9  2.5181147973
26.0  2.5128048414
26.1  2.5076742391
26.2  2.5024512426
26.3  2.4973532501
26.4  2.4922226478
26.5  2.4872061798
26.6  2.4821136222
26.7  2.4771732436
26.8  2.4721948202
26.9  2.4672435717
27.0  2.4623249329
27.1  2.4575149933
27.2  2.452656139
27.3  2.4478461994
27.4  2.4430797395
27.5  2.4383621942
27.6  2.4336174742
27.7  2.4289651484
27.8  2.4242476031
27.9  2.4196822367
28.0  2.4150679557
28.1  2.4105297641
28.2  2.4059807026
28.3  2.4014751207
28.4  2.3969695389
28.5  2.3925563514
28.6  2.3880888142
28.7  2.3837517162
28.8  2.3793222238
28.9  2.3750340403
29.0  2.3706860723
29.1  2.3664087588
29.2  2.3620934006
29.3  2.3579030464
29.4  2.3536909524
29.5  2.3495005982
29.6  2.345326549
29.7  2.3412122842
29.8  2.3370762797
29.9  2.3330217995
30.0  2.3289238397
30.1  2.3249074042
30.2  2.3208420542
30.3  2.3169017082
30.4  2.3128907077
30.5  2.3089721015
30.6  2.3050371905
30.7  2.3011457591
30.8  2.2972651977
30.9  2.2934389858
31.0  2.2895692943
31.1  2.2857267776
31.2  2.2819549154
31.3  2.2782102279
31.4  2.2744601055
31.5  2.2707480278
31.6  2.267063125
31.7  2.2633727871
31.8  2.2596987542
31.9  2.256051896
32.0  2.2524430826
32.1  2.2488342691
32.2  2.2452308906
32.3  2.241643817
32.4  2.2381545727
32.5  2.2346435886
32.6  2.2311543442
32.7  2.2276324902
32.8  2.2241378109
32.9  2.2207463958
33.0  2.2173006312
33.1  2.2138548666
33.2  2.2105504109
33.3  2.2071263861
33.4  2.2037567109
33.5  2.2004522552
33.6  2.1971369296
33.7  2.1938379089
33.8  2.1905225833
33.9  2.1872616073
34.0  2.1840767207
34.1  2.1808103098
34.2  2.1775547687
34.3  2.1743753171
34.4  2.1712502151
34.5  2.1680218489
34.6  2.1648423973
34.7  2.1617336002
34.8  2.1586845876
34.9  2.1555377458
35.0  2.1524506885
35.1  2.1493418914
35.2  2.1463472284
35.3  2.1433362606
35.4  2.1402546382
35.5  2.1372545403
35.6  2.134303357
35.7  2.1313086941
35.8  2.1283194661
35.9  2.1254389373
36.0  2.1224497093
36.1  2.1195963553
36.2  2.116639737
36.3  2.1138026879
36.4  2.1108623746
36.5  2.1080688051
36.6  2.1051447966
36.7  2.102383837
36.8  2.099519613
36.9  2.0967151737
37.0  2.0939270392
37.1  2.0911552096
37.2  2.0883616402
37.3  2.0856441602
37.4  2.0829049403
37.5  2.0801657205
37.6  2.0774428055
37.7  2.0747579353
37.8  2.0720893699
37.9  2.0694044997
38.0  2.0667631091
38.1  2.0640728039
38.2  2.0614585882
38.3  2.0588117626
38.4  2.0562192867
38.5  2.0536485506
38.6  2.051023465
38.7  2.048436424
38.8  2.0459200375
38.9  2.0433438665
39.0  2.0407948702
39.1  2.0382839187
39.2  2.0357403574
39.3  2.0332728856
39.4  2.030772804
39.5  2.0282509826
39.6  2.0258161205
39.7  2.0233214738
39.8  2.0209300914
39.9  2.0184517497
40.0  2.0160386274
40.1  2.0136092003
40.2  2.0112341228
40.3  2.0088155656
40.4  2.0064024434
40.5  2.0040762805
40.6  2.0016740282
40.7  1.9993696051
40.8  1.9970053975
40.9  1.9946737997
41.0  1.9923530718
41.1  1.990016039
41.2  1.9877387907
41.3  1.9854724124
41.4  1.9831299446
41.5  1.9808961761
41.6  1.9786461026
41.7  1.9763579845
41.8  1.9741405208
41.9  1.9719067522
42.0  1.9696458089
42.1  1.967460955
42.2  1.9652326214
42.3  1.9630477674
42.4  1.9608520436
42.5  1.9586671897
42.6  1.9565203805
42.7  1.9543355266
42.8  1.9521887174
42.9  1.9500364732
43.0  1.947895099
43.1  1.9458026394
43.2  1.9437047448
43.3  1.9415742405
43.4  1.939460041
43.5  1.9373893213
43.6  1.9353186015
43.7  1.9331989671
43.8  1.9311934669
43.9  1.9291173122
44.0  1.9270411574
44.1  1.9250193523
44.2  1.9230029822
44.3  1.9209431323
44.4  1.9189648069
44.5  1.9169375668
44.6  1.9149375015
44.7  1.912975481
44.8  1.9109917206
44.9  1.9090079602
45.0  1.9070568095
45.1  1.9050567442
45.2  1.9031218985
45.3  1.9011924877
45.4  1.899246772
45.5  1.897339101
45.6  1.8954205602
45.7  1.8934694095
45.8  1.8915889134
45.9  1.8896703725
46.0  1.8877844414
46.1  1.8859202501
46.2  1.884028884
46.3  1.8821646927
46.4  1.8802624567
46.5  1.8784471801
46.6  1.8765884238
46.7  1.8747677122
46.8  1.8729143908
46.9  1.8710882442
47.0  1.8692566627
47.1  1.8674142113
47.2  1.8656532842
47.3  1.8637999629
47.4  1.8620444708
47.5  1.8602128893
47.6  1.8584682671
47.7  1.8566964702
47.8  1.854946413
47.9  1.8531583112
48.0  1.8514354289
48.1  1.8496310222
48.2  1.8479244447
48.3  1.8461906925
48.4  1.8444786801
48.5  1.842728623
48.6  1.8410274805
48.7  1.8392882933
48.8  1.8375980207
48.9  1.835934923
49.0  1.8342011707
49.1  1.832532638
49.2  1.8308423654
49.3  1.8291683978
49.4  1.8275053
49.5  1.8258422022
49.6  1.8241845394
49.7  1.8225268766
49.8  1.8208909537
49.9  1.8192441608
50.0  1.8176136728
50.1  1.8159886198
50.2  1.8143581318
50.3  1.8127819934
50.4  1.8111515054
50.5  1.8095427572
50.6  1.8079611838
50.7  1.8063415658
50.8  1.8047599924
50.9  1.803183854
51.0  1.8015805408
51.1  1.8000207073
51.2  1.7984771786
51.3  1.7968901703
51.4  1.7953303368
51.5  1.7937976781
51.6  1.7922595844
51.7  1.7906997509
51.8  1.7891725271
51.9  1.7876561733
52.0  1.7861561243
52.1  1.7846125957
52.2  1.7831179817
52.3  1.781574453
52.4  1.7800635342
52.5  1.7785797901
52.6  1.7770797411
52.7  1.775595997
52.8  1.7741231229
52.9  1.772606769
53.0  1.7711447648
53.1  1.7696936305
53.2  1.7682044514
53.3  1.7667315773
53.4  1.7653130527
53.5  1.7638564834
53.6  1.7623781743
53.7  1.7609868246
53.8  1.7595574301
53.9  1.7581226006
54.0  1.7566714663
54.1  1.755225767
54.2  1.7538398522
54.3  1.7524158926
54.4  1.7509864982
54.5  1.7495897134
54.6  1.7482255385
54.7  1.7468124489
54.8  1.7453830544
54.9  1.7440297494
55.0  1.7426655744
55.1  1.7412959645
55.2  1.7398937448
55.3  1.738502395
55.4  1.7372034396
55.5  1.7358229598
55.6  1.7344533498
55.7  1.7330891749
55.8  1.7317467398
55.9  1.7304097396
56.0  1.7290781744
56.1  1.7277629141
56.2  1.7263878692
56.3  1.7250943487
56.4  1.7237627835
56.5  1.7224094785
56.6  1.7211050881
56.7  1.7198061326
56.8  1.7185017422
56.9  1.7171864819
57.0  1.7158929614
57.1  1.7145613962
57.2  1.7133222254
57.3  1.7119960951
57.4  1.7107406194
57.5  1.7094742737
57.6  1.7081861882
57.7  1.7069089726
57.8  1.7056480618
57.9  1.7043817162
58.0  1.7031045006
58.1  1.7018707646
58.2  1.7006315938
58.3  1.699370683
58.4  1.6981369471
58.5  1.6968814714
58.6  1.6956096907
58.7  1.6943922597
58.8  1.6931748286
58.9  1.6919410927
59.0  1.6907182267
59.1  1.6894790558
59.2  1.6882724947
59.3  1.6870659336
59.4  1.6858702424
59.5  1.6846528114
59.6  1.683473425
59.7  1.6822777338
59.8  1.6810494329
59.9  1.6798591766
60.0  1.6786743554
60.1  1.6774623593
60.2  1.6763155827
60.3  1.6750927167
60.4  1.6739405052
60.5  1.6727611189
60.6  1.6716252122
60.7  1.670429521
60.8  1.6692773095
60.9  1.668119663
61.0  1.6669565816
61.1  1.6657880652
61.2  1.6646575935
61.3  1.6635488617
61.4  1.6623803453
61.5  1.6612063939
61.6  1.6601194019
61.7  1.6589563205
61.8  1.6578258488
61.9  1.6566845072
62.0  1.6555812103
62.1  1.6544561736
62.2  1.6533583117
62.3  1.65222784
62.4  1.651135413
62.5  1.6499940714
62.6  1.6488853396
62.7  1.6477820427
62.8  1.6467059206
62.9  1.6455917538
63.0  1.644483022
63.1  1.6434068999
63.2  1.6423307778
63.3  1.6412492208
63.4  1.6401676638
63.5  1.6390915417
63.6  1.6379936798
63.7  1.6369229926
63.8  1.6358414356
63.9  1.6347761834
64.0  1.6337054963
64.1  1.6326728539
64.2  1.6316130367
64.3  1.6305586545
64.4  1.6295151422
64.5  1.6284281502
64.6  1.627362898
64.7  1.6263465605
64.8  1.6253030482
64.9  1.6242704058
65.0  1.6232377634
65.1  1.622199686
65.2  1.6211561737
65.3  1.6201180963
65.4  1.6191071938
65.5  1.6180745514
65.6  1.6170473439
65.7  1.6160255714
65.8  1.6150092339
65.9  1.6140092013
66.0  1.6129982987
66.1  1.6119982661
66.2  1.6109710586
66.3  1.6099818959
66.4  1.6089709934
66.5  1.6079872656
66.6  1.6069981029
66.7  1.6060035052
66.8  1.6050089075
66.9  1.6040251798
67.0  1.603046887
67.1  1.6020468543
67.2  1.6010631266
67.3  1.6000957037
67.4  1.5991119759
67.5  1.5981336831
67.6  1.5971553903
67.7  1.5962205772
67.8  1.5952368494
67.9  1.5942857314
68.0  1.5933074386
68.1  1.5923508857
68.2  1.5913671579
68.3  1.5904432147
68.4  1.5894975317
68.5  1.5885627186
68.6  1.5875789908
68.7  1.5866441777
68.8  1.5856930597
68.9  1.5847799864
69.0  1.5838016936
69.1  1.5828994902
69.2  1.5819266324
69.3  1.581029864
69.4  1.5801004858
69.5  1.5791602378
69.6  1.5782525994
69.7  1.5773123514
69.8  1.5764210179
69.9  1.5755079446
70.0  1.5745568266
70.1  1.5736491883
70.2  1.572746985
70.3  1.5718230418
70.4  1.5709371433
70.5  1.570029505
70.6  1.5691381715
70.7  1.5682305332
70.8  1.5673283298
70.9  1.5664533013
71.0  1.565534793
71.1  1.5646380246
71.2  1.563768431
71.3  1.5628662277
71.4  1.5619857642
71.5  1.5610998657
71.6  1.5602085322
71.7  1.5593171988
71.8  1.55847478
71.9  1.5575671417
72.0  1.5567247229
72.1  1.5558225195
72.2  1.5549746658
72.3  1.5540833323
72.4  1.5532028688
72.5  1.5523767549
72.6  1.5515071613
72.7  1.5506375677
72.8  1.5497679741
72.9  1.5489418602
73.0  1.5480940064
73.1  1.5472244128
73.2  1.546387429
73.3  1.5455341402
73.4  1.5446971564
73.5  1.5438601726
73.6  1.5430014489
73.7  1.5421699
73.8  1.5413383511
73.9  1.5404904974
74.0  1.5396480786
74.1  1.5388002248
74.2  1.5380012857
74.3  1.5371643018
74.4  1.536332753
74.5  1.535512074
74.6  1.5346587853
74.7  1.533887021
74.8  1.533071777
74.9  1.5322347931
75.0  1.5314141142
75.1  1.530615175
75.2  1.5297890611
75.3  1.5289575122
75.4  1.5281640081
75.5  1.5273487641
75.6  1.526538955
75.7  1.5257454509
75.8  1.5249519467
75.9  1.5241203978
76.0  1.5233595034
76.1  1.5225605643
76.2  1.5217561902
76.3  1.5209572511
76.4  1.5201800518
76.5  1.5193865477
76.6  1.5185984785
76.7  1.5177995394
76.8  1.517027775
76.9  1.516223401
77.0  1.5154462017
77.1  1.5146798723
77.2  1.513908108
77.3  1.5131146038
77.4  1.5123210997
77.5  1.51159825
77.6  1.5108101808
77.7  1.5100438514
77.8  1.5092503473
77.9  1.5085057578
78.0  1.5077176886
78.1  1.506973099
78.2  1.5062230746
78.3  1.5054621802
78.4  1.5047012858
78.5  1.5039349564
78.6  1.5032012368
78.7  1.5024294725
78.8  1.5016577082
78.9  1.5009348585
79.0  1.5001739641
79.1  1.4994402445
79.2  1.4986793501
79.3  1.4979673703
79.4  1.4971793011
79.5  1.4964401466
79.6  1.4956901221
79.7  1.4949727074
79.8  1.494211813
79.9  1.4934998332
80.0  1.4927769835
80.1  1.492026959
80.2  1.4912986744
80.3  1.4905595198
80.4  1.4898692799
80.5  1.4891355603
80.6  1.4884018407
80.7  1.487684426
80.8  1.4869452714
80.9  1.4862224218
81.0  1.4855267469
81.1  1.4847875923
81.2  1.4841082223
81.3  1.4833473279
81.4  1.4826842628
81.5  1.4819233684
81.6  1.4812385634
81.7  1.4805157138
81.8  1.4798363438
81.9  1.4791026242
82.0  1.4784015143
82.1  1.4777004045
82.2  1.4770210345
82.3  1.4763036198
82.4  1.4756188148
82.5  1.4748959651
82.6  1.4741948553
82.7  1.4734991804
82.8  1.4728035055
82.9  1.4721350054
83.0  1.4714393306
83.1  1.4707490906
83.2  1.4700479808
83.3  1.4693686108
83.4  1.4687001107
83.5  1.4679990009
83.6  1.4673141959
83.7  1.4666565658
83.8  1.465944586
83.9  1.465259781
84.0  1.4646021509
84.1  1.4638956061
84.2  1.4632651507
84.3  1.4625803458
84.4  1.4618955408
84.5  1.4612216058
84.6  1.4605476707
84.7  1.4599117804
84.8  1.4592215405
84.9  1.4585584754
85.0  1.4579171501
85.1  1.4572377801
85.2  1.45656928
85.3  1.4559225198
85.4  1.4552485847
85.5  1.4545909546
85.6  1.4539333244
85.7  1.4532865642
85.8  1.452623499
85.9  1.4519658689
86.0  1.4513354135
86.1  1.4506560435
86.2  1.450041893
86.3  1.4493788279
86.4  1.4487266327
86.5  1.4480690026
86.6  1.4474494171
86.7  1.4468026569
86.8  1.4461395918
86.9  1.4455145714
87.0  1.444889551
87.1  1.4442264858
87.2  1.4436069004
87.3  1.4429438353
87.4  1.4423351198
87.5  1.4416829246
87.6  1.4410415993
87.7  1.4404220138
87.8  1.4397915585
87.9  1.4391665381
88.0  1.4385143429
88.1  1.4379164973
88.2  1.4372969118
88.3  1.4366501516
88.4  1.4360251312
88.5  1.4354272856
88.6  1.4347968302
88.7  1.4341826798
88.8  1.4335467894
88.9  1.432927204
89.0  1.4323239234
89.1  1.4316825982
89.2  1.4310901875
89.3  1.4304597322
89.4  1.4298401467
89.5  1.4292477361
89.6  1.4286390206
89.7  1.4280466099
89.8  1.4274433294
89.9  1.426812874
90.0  1.4262095934
90.1  1.4256226178
90.2  1.4249867274
90.3  1.4243780119
90.4  1.4238019062
90.5  1.4232094955
90.6  1.4225899101
90.7  1.4219866295
90.8  1.4213996538
90.9  1.4208018082
91.0  1.4202257025
91.1  1.4196006821
91.2  1.4190137064
91.3  1.4184267307
91.4  1.4178560599
91.5  1.4172636493
91.6  1.4166875435
91.7  1.416073393
91.8  1.4154864174
91.9  1.4149211815
92.0  1.414307031
92.1  1.4137526651
92.2  1.4131548195
92.3  1.4125678438
92.4  1.4119754332
92.5  1.4114210673
92.6  1.4108340916
92.7  1.4102471159
92.8  1.40969275
92.9  1.4091003394
93.0  1.4085405385
93.1  1.4079535628
93.2  1.407388327
93.3  1.4068230911
93.4  1.4062632902
93.5  1.4056654446
93.6  1.4051110787
93.7  1.4045512778
93.8  1.4039534322
93.9  1.4033881964
94.0  1.4028283955
94.1  1.4022794646
94.2  1.4017033588
94.3  1.4011489929
94.4  1.400589192
94.5  1.4000185212
94.6  1.3994750252
94.7  1.3989260942
94.8  1.3983662934
94.9  1.3977956226
95.0  1.3972303867
95.1  1.3966760208
95.2  1.3961379598
95.3  1.3955998987
95.4  1.3950400978
95.5  1.394469427
95.6  1.393936801
95.7  1.39338787
95.8  1.392838939
95.9  1.3922791382
96.0  1.3917410771
96.1  1.391208451
96.2  1.3906432152
96.3  1.390132329
96.4  1.3895507882
96.5  1.3890290321
96.6  1.3884801011
96.7  1.3879311702
96.8  1.387409414
96.9  1.386865918
97.0  1.3863332919
97.1  1.3858169707
97.2  1.3852626048
97.3  1.3847191088
97.4  1.3841864827
97.5  1.3836647266
97.6  1.3831321005
97.7  1.3826103443
97.8  1.3820614134
97.9  1.3815287873
98.0  1.381023336
98.1  1.3804635351
98.2  1.3799635188
98.3  1.3794363277
98.4  1.3789091366
98.5  1.3783710755
98.6  1.3778384494
98.7  1.377349303
98.8  1.3768221119
98.9  1.3762949208
99.0  1.3757840346
99.1  1.3752514085
99.2  1.3747350873
99.3  1.3742133311
99.4  1.37368614
99.5  1.3731861237
99.6  1.3726861074
99.7  1.3721534813
99.8  1.37164803
99.9  1.3711208389
100.0  1.3706045177
