% [1] bottom hole condition type, pressure = 1, flowrate = 2
% [2] either constant bottom hole pressure, psi
% [2] constant flow rate, ex. 25*1.273 bbl/day
% [3:end] index number of nodes on the well
1       #
1000      #psi
1
2
3
4
5
6
7
13
14
16
17
19
22
23
25
32
35
38
41
44
45
47
49
52
55
56
61
63
64
65
67
70
79
80
83
86
89
90
91
93
94
97
116
122
125
129
132
134
135
138
141
144
146
147
156
160
163
164
166
169
172
176
181
183
186
190
192
196
198
200
202
203
204
210
213
214
215
217
221
223
224
225
226
227
228
229
241
242
244
245
247
251
253
256
257
258
259
260
261
262
270
272
273
274
276
279
281
285
292
295
300
303
304
305
308
309
321
322
324
325
331
343
345
351
353